111111111
010000111
100000000
010001110
101000000
010011001
100000000
000010001
010001111
010001001
001110000
010000001
100000001
000011001
010001111
100000001
000011111
010001001
001110000
010000010
100000000
000011001
010001010
100000001
010001110
101000000
010011010
100000000
100000000
010000110
100000001
000011010
010001111
010001010
001110000
010000011
100000001
000011010
010001111
100000001
000011111
010001010
001110000
010000100
100000000
000010001
000110011
010000101
010001011
100000000
010000010
000110100
010000101
010001101
100000000
010001100
100000010
010001110
100001000
011011100
100000000
000011000
100000011
010001110
010110110
100000000
000010111
100000100
010001110
011010110
100111111
100000101
010001110
011011010
100000000
000011011
011100000
010001011
011110000
011110000
011110000
011110000
011110000
011110000
011110000
000010110
010000110
100000001
000011100
010001100
100000110
010001110
100001000
011011100
100000000
010001100
100000000
000011101
011100000
010001101
011110000
011110000
011110000
011110000
011110000
011110000
011110000
000010110
010000110
100000000
000011100
010001100
100001000
100000111
010001110
011001100
100001000
010001110
010010000
101000001
010001111
100000000
000010110
010001000
001100000
100001001
010001110
010010000
101000000
010001111
100000000
000010110
010000111
001100000
100001010
010001110
010010000