111111111
010000111
100000000
010000110
101000000
010011001
100000000
000010001
010000111
010000100
001110000
010000001
100000001
000010001
010000111
100000001
000011111
010000111
001110000
010000010
100000000
000010001
010000101
100000001
010000110
101000000
010011010
100000000
100000000
010000110
100000001
000010101
010000111
010000101
001110000
010000011
100000001
000010101
010000111
100000001
000011111
010000101
001110000
010000100
100000000
000010001
000110011
010000101
100000000
010000010
000101100
010000110
000011101
010000111
100000011
010000100
100000000
000010010
011011011
100000100
010000100
100000000
000010001
011011011
101111111
100000101
010000100
011011010
101000100
010000111
100000000
000010011
010000001
100000000
000010101
001100000
101000101
010000111
100000000
010000110
001100000
100000010
010000100
010011000
101000010
010000111
100000000
000010011
010000001
100000000
000010101
001100000
101000011
010000111
100000000
010000110
001100000
100000010
010000100
010011000
