010000001
001110000
010000000
100000111
100001000
010000001
010000010
010000111
000010111
100001000
010000001
010000011
100001000
010000111
000010111
100001000
010000001
010000100
100001000
010000111
000010111
100001000
010000001
010000101
010000000
001000001
010000111
000010111
100001000
100001000
010000001
010000010
010000111
000010111
100001000
100001000
010000001
010000011
010000111
000010111
100001000
100001000
010000001
010000100
010000111
000010111
100001000
100001000
010000001
010000101
010000001
001001001
010000111
000010111
100010001
010000111
000010111
100001000
010000000
001000001
010000000
001000001
010000111
000000010
010000111
010000000
001000001
010000101
001000010
010000000
001000001
010000101
001000010
010000101
010000111
010000000
001000000